{
    "length": 34.89029535864979,
    "str_em": 31.07243319268635,
    "str_hit": 9.81012658227848,
    "rougeLsum": 30.586402452049143,
    "QA-EM": 17.028832630098453,
    "QA-F1": 23.267715676749358,
    "QA-Hit": 3.1645569620253164,
    "citation_rec": 43.71259232504698,
    "citation_prec": 45.8912496881058
}