{
    "length": 27.490506329113924,
    "str_em": 29.447960618846697,
    "str_hit": 7.9113924050632916,
    "rougeLsum": 32.294295918365634,
    "QA-EM": 17.322433192686354,
    "QA-F1": 23.434949657432835,
    "QA-Hit": 2.320675105485232,
    "citation_rec": 26.41160135760568,
    "citation_prec": 27.976961843052557
}