{
    "length": 28.58649789029536,
    "str_em": 36.042545710267234,
    "str_hit": 12.130801687763713,
    "rougeLsum": 33.05983110000195,
    "QA-EM": 21.21659634317862,
    "QA-F1": 27.960934340948977,
    "QA-Hit": 3.1645569620253164,
    "citation_rec": 29.479841612670988,
    "citation_prec": 30.996348863519486
}