{
    "length": 28.34282700421941,
    "str_em": 28.93108298171589,
    "str_hit": 8.860759493670885,
    "rougeLsum": 28.946207467665918,
    "QA-EM": 15.736638537271446,
    "QA-F1": 21.584651657930625,
    "QA-Hit": 2.4261603375527425,
    "citation_rec": 41.28660040067806,
    "citation_prec": 42.013372280362574
}