{
    "length": 97.22362869198312,
    "str_em": 26.09880450070323,
    "str_hit": 8.755274261603375,
    "rougeLsum": 27.767163757035735,
    "QA-EM": 11.554149085794656,
    "QA-F1": 15.21377197509041,
    "QA-Hit": 2.320675105485232,
    "citation_rec": 4.772813722370263,
    "citation_prec": 10.25234927673952
}